Specimen,Surface Area,Volume,Bounding Box Dim1,Bounding Box Dim2,Bounding Box Dim3,nv a 1,nv a 2,nv a 3,nv b 1,nv b 2,nv b 3,nv c 1,nv c 2,nv c 3
MN19050212,2400.501,3288.4567057291665,78.60061,16.046627,9.770964,0.070949435,0.033328783,-0.99692297,0.98236465,0.1709965,0.07563004,-0.172991,0.9847078,0.020608915
MN10AA0307,2791.924,6137.978515625,61.617096,24.310425,13.651522,0.031056821,0.037056535,-0.99883044,0.9973458,0.064691916,0.033410724,-0.06585434,0.997217,0.034949057
MN19080804,2763.742,4250.540690104167,75.15241,22.392643,10.313637,0.057146955,0.038121395,0.9976377,0.97054905,0.23211806,-0.064464875,0.23402722,-0.97194034,0.023733843
MN12AA1005,2637.509,3482.119140625,59.340862,30.777037,11.556171,0.36248738,0.0013076208,-0.93198776,-0.93091214,0.04855912,-0.36200088,-0.044783145,-0.9988195,-0.018819347
MN12AA0503,3175.6135,4742.731119791667,59.72175,27.676609,12.309722,0.05641281,0.006639962,0.9983854,0.99840546,0.0016757115,-0.056425083,0.0020476663,-0.9999766,0.0065348423
MN15AA3305,1510.4705,2199.5794270833335,51.919212,15.767164,9.527544,-0.07622164,0.061703328,0.9951799,0.94564974,-0.311969,0.09177085,-0.31612787,-0.9480865,0.034570947
MN19080817,1308.7731,1845.2890625,38.1362,18.268309,9.61135,0.060156208,-0.1223762,0.990659,-0.9980849,0.006956412,0.06146646,0.014413464,0.9924594,0.12172337
MN13AA0709,1209.2018,1192.1598307291667,47.923393,18.061268,6.0593605,0.18935251,-0.13430598,-0.97268057,-0.97839236,-0.109572016,-0.17533492,0.083030045,-0.9848634,0.15215167
MN19050201,4376.623,8309.163411458334,116.26503,19.385866,12.340544,0.04192739,0.046834793,-0.9980223,0.9918845,-0.12195457,0.035946503,0.12002984,0.99143004,0.051567942
MN10AA2114,745.7599,781.525634765625,40.904232,12.851627,4.379199,-0.055544604,0.10824384,0.9925714,0.93812466,-0.33466715,0.088994525,-0.34181416,-0.93609893,0.08295726
MN15AA2802,10349.867,26188.833333333332,111.5051,39.24572,26.225622,0.01365437,-0.045271404,0.9988814,-0.9945775,0.102386445,0.018235907,0.10309748,0.993714,0.0436279
MN14AA0310,2430.4514,3686.1126302083335,65.52967,21.835564,8.707014,0.054043908,0.057468615,0.99688345,0.99830264,-0.024811296,-0.052690517,-0.02170592,-0.99803895,0.05871197
MN14AA0115,1543.1704,2500.1012369791665,48.47576,20.639137,9.26096,0.017863339,-0.013534734,0.9997488,-0.9981466,0.057937227,0.018619072,0.058174677,0.9982285,0.012474696
MN15AA3409,3954.4087,7878.546875,81.30598,26.156502,12.662234,0.09655879,0.06825026,0.99298453,0.9932473,0.057856064,-0.100560926,0.064313486,-0.99598926,0.062202875
MN10AA2809,709.6428,848.095703125,33.85509,12.027096,8.139877,-0.04274232,-0.07564048,-0.9962187,-0.9495576,-0.30698234,0.064048775,0.31066623,-0.94870454,0.05870385
MN19050207,4271.7974,6273.958333333333,101.92351,20.485249,11.885071,0.005171179,-0.027423125,0.99961054,0.9999666,0.0064641037,-0.004995686,0.006324589,-0.99960303,-0.027455635
MN10AA2112,758.1404,818.7747395833334,34.911835,12.102136,5.041471,-0.036884394,0.0021204208,0.9993173,-0.92013276,-0.39020228,-0.033133768,-0.38986564,0.9207267,-0.016343443
MN15AA3303,3750.4148,5819.67578125,81.57724,29.876486,11.074681,0.093918175,0.013986616,0.99548167,-0.9948764,0.038902752,0.09331448,0.037421823,0.9991451,-0.01756863
MN12AA5904,6161.7905,10079.947916666666,112.52266,26.636658,14.103136,0.01684806,-0.010548713,-0.9998024,-0.9989343,0.04279545,-0.017284956,-0.042969327,-0.99902815,0.009816451
MN12AA1003,3562.2664,5918.972005208333,70.34244,31.078938,14.976694,0.083796754,0.025714798,-0.99615103,-0.9962418,0.024148514,-0.08318102,-0.021916585,-0.9993776,-0.027641725
MN19080802,3737.1018,5964.677734375,82.48897,18.53366,12.959074,0.081382975,-0.02798826,0.99628985,-0.9961913,0.0291076,0.08219263,0.031300034,0.99918437,0.025512798
MN12AA5603,2322.8882,3364.1162109375,75.56612,17.269508,10.985894,0.12678537,-0.011483186,0.9918637,-0.9884535,0.082183845,0.12730093,0.082977,0.99655104,0.00093088567
MN10AA2304,2014.7014,2649.7034505208335,40.841278,33.689167,11.524335,0.7956546,0.06142688,0.602628,0.599851,0.058609117,-0.79796225,0.08433583,-0.9963893,-0.009785634
MN19050214,3079.2507,3960.9026692708335,85.559586,18.291954,10.767342,0.15685648,0.095796175,0.98296446,0.9652983,-0.22528566,-0.13208187,-0.20879486,-0.96957177,0.1278094
MN15AA2506,6869.374,13360.81640625,92.87301,40.065002,25.414444,0.3969307,-0.036501113,0.9171225,0.9148586,0.09632164,-0.3921173,0.074026026,-0.99468076,-0.07162637
MN13AA1311,4123.5327,5375.556640625,97.03632,25.842945,7.5391083,0.022446986,0.012261263,-0.99967283,-0.99966717,0.012993011,-0.022287495,-0.012715487,-0.99984044,-0.012548836
MN10AA1509,2195.265,3045.0553385416665,75.147354,19.837107,7.8288836,0.21933764,0.009076774,-0.9756068,-0.96028024,0.17879593,-0.21422844,-0.17249002,-0.98384434,-0.047932923
MN14AA0113,1283.2808,1790.8922526041667,36.75341,22.428638,6.0379333,-0.024264678,0.08675067,0.9959345,0.99670714,-0.075001806,0.03081652,-0.07737024,-0.9934028,0.084645115
MN15AA2804,1628.2659,2930.6809895833335,45.97473,19.93885,11.208135,0.027355198,-0.0076889126,0.9995962,-0.98494256,0.17055546,0.028266098,0.17070393,0.98531806,0.0029075588
MN11AA0603,7699.7344,16098.748697916666,113.50536,33.575317,16.726364,0.10257188,0.0026164618,-0.9947221,0.9919035,0.0750042,0.10247852,-0.074876465,0.9971798,-0.0050980444
MN19081302,2859.6233,4288.935221354167,78.115166,20.683292,12.205135,0.0061923587,0.0016996106,0.9999794,-0.9967952,0.07976829,0.0060370625,0.07975639,0.996812,-0.0021881175
MN14AA0513,2608.7617,4930.816080729167,61.13958,26.112976,8.559666,0.036057808,0.014488027,0.9992447,-0.99134094,0.1268532,0.033933356,0.12626575,0.9918157,-0.018936621
MN13AA1507,2594.3357,4433.299153645833,56.86565,23.768993,11.754265,0.07306238,0.0443782,-0.99633956,0.9962623,0.042909164,0.07496794,-0.04607904,0.9980929,0.041077282
MN15AA3416,2233.88,3952.7630208333335,48.240215,22.209183,11.63641,0.061061922,-0.010025465,-0.99808365,-0.99434406,0.08644531,-0.061701458,-0.08689823,-0.99620616,0.0046902453
MN10AA2006,2967.23,6024.748046875,80.53839,22.601143,14.0621395,0.1819365,-0.03552221,-0.98266846,-0.9827888,0.025974171,-0.1828977,-0.03202093,-0.9990313,0.03018518
MN12AA6503,4477.771,7853.588541666667,91.37736,28.835972,11.713662,0.043591097,0.011890258,-0.9989787,0.9989149,0.01589219,0.04377747,-0.016396485,0.999803,0.011184597
MN19050242,1473.3593,2394.5651041666665,46.962543,17.587212,11.339743,0.34105352,0.18329045,-0.92200166,0.9399501,-0.080344304,0.33172062,0.01327636,0.97977006,0.1996856
MN15010403,4761.7324,7984.272786458333,125.74252,22.244408,11.877451,0.07271725,-0.041909143,0.9964717,-0.9965555,0.03688334,0.074274585,0.039865986,0.9984404,0.039082732
MN13AA0705,3734.2544,5959.755208333333,85.537964,25.96032,9.622572,0.056034062,-0.025747715,0.9980968,-0.99806815,0.025423516,0.0566883,0.026834723,0.9993451,0.02427339
MN10AA3204,3165.727,6696.219401041667,66.92072,24.241627,12.1429,0.16991849,-0.03493161,0.98483884,0.981478,0.0957279,-0.16594322,0.088479884,-0.9947944,-0.050550546
MN10AA2803,3992.4282,6019.0546875,109.068085,21.964863,8.597069,0.041437354,-0.0667029,0.99691206,-0.9987394,-0.031055287,0.039435416,-0.028328933,0.9972895,0.06790567
MN10AA2704,6594.116,11895.6484375,101.777664,35.409187,14.926666,0.197839,-0.013593816,-0.98014027,-0.9795695,0.034084465,-0.19819653,-0.036101807,-0.9993265,0.0065728505
MN15AA2402,4718.432,9811.611328125,61.088696,34.313034,27.989147,0.22053131,-0.08732017,0.9714634,-0.968184,0.10116207,0.22887982,0.11826108,0.9910305,0.062232587
MN13AA0119,962.2316,1219.972412109375,35.14729,15.998121,8.713529,0.3089316,0.031085836,-0.9505761,-0.94699293,0.10265987,-0.3044099,-0.08812319,-0.9942307,-0.061152942
MN19080808,2957.5884,4975.454427083333,59.906982,17.515903,15.387266,0.107920535,-0.13501579,0.9849487,-0.9723291,0.19214539,0.1328769,0.20719384,0.9720344,0.11054334
MN15AA3410,3792.5168,4552.254231770833,72.83681,26.397112,16.723783,0.0424797,0.030514082,0.99863124,-0.9966864,0.07069108,0.04023694,0.06936653,0.99703145,-0.033415906
MN11AA0605,2886.6836,5826.038411458333,59.52569,24.101437,10.941694,0.04820284,-0.03893077,0.9980786,0.9974059,0.055357262,-0.0460111,0.05345965,-0.99770737,-0.041498158
MN19081304,1880.2207,2485.3766276041665,56.89045,21.453331,10.812586,0.11694469,-0.042200536,0.99224144,-0.98549557,0.118779995,0.12120141,0.122973196,0.9920234,0.027697751
MN15AA2902,1280.4904,2244.97998046875,33.533287,19.531326,9.081499,0.21598837,-0.019768931,-0.9761958,-0.9755981,0.036039714,-0.21658596,-0.03946349,-0.9991548,0.011502371
MN15AA3403,9042.464,21331.31640625,137.30252,27.87431,18.13363,0.05606987,-0.1095855,0.9923947,-0.9962683,0.059183486,0.062824085,0.065617986,0.99221385,0.10585815
MN14AA0506,16154.592,44918.40625,178.47083,40.745148,38.761032,-0.017532451,0.022103336,0.99960196,0.9576356,-0.2870513,0.023143703,-0.28744859,-0.95766014,0.016134229
MN12AA0806,1496.4353,2145.90478515625,39.593388,22.363888,7.0437174,0.15205473,0.07356928,0.9856302,-0.98379385,0.10713796,0.14377445,0.09502103,0.99151856,-0.08866784
MN13AA0804,13580.103,30543.15625,179.1069,33.17028,22.979269,0.065487444,0.037374716,-0.9971532,0.9978199,-0.010643705,0.06513229,0.008179103,0.99924463,0.03799026
MN10AA0707,2414.422,4510.836263020833,56.289307,21.069809,15.11335,0.022325424,-0.056367457,0.9981604,0.9867962,0.16144803,-0.012954057,0.16042085,-0.98527014,-0.05922759
MN12AA0206,2736.616,4938.085611979167,54.86872,28.621214,11.226501,0.056007653,-0.034042597,0.9978498,-0.9980077,0.027166659,0.05694333,0.029046744,0.9990511,0.03245323
MN19050218,3199.3801,5561.202473958333,77.49263,18.165516,12.220064,0.07411827,-0.01650436,0.9971129,0.978405,0.19466034,-0.06950562,0.19295119,-0.98073184,-0.030575836
MN13AA0710,1064.4352,1112.0802408854167,36.709976,18.960863,5.4825525,0.26015306,-0.041596107,0.964671,-0.961906,0.0757573,0.262674,0.08400709,0.9962583,0.020303052
MN13AA0309,4739.462,10520.799479166666,82.6582,30.828714,15.538321,0.0051214304,-0.008934252,0.99994695,-0.99989504,0.013507109,0.0052418467,0.0135532245,0.99986887,0.008864138
MN10AA3202,8219.429,15457.354166666666,168.35065,30.730515,13.723442,0.048168655,0.0084654605,0.9988033,-0.9978728,0.044384897,0.047747593,0.043927576,0.9989786,-0.010585413
MN15010405,1719.5837,2354.3972981770835,70.1566,13.749535,8.23386,0.0050808783,-0.06252881,0.99803025,-0.99994344,-0.009645029,0.0044863354,-0.009345505,0.99799657,0.062574275
MN10AA2805,1943.5392,3412.2151692708335,56.46458,19.4547,9.710851,6.640608e-05,0.060696643,0.99815625,-0.97283304,0.2310849,-0.013987265,0.23150782,0.97103846,-0.059063043
MN19050244,1116.9414,1798.26220703125,37.284527,14.187664,9.199245,0.031685237,-0.14189364,-0.9893747,-0.9963253,0.07432324,-0.042567085,-0.07957353,-0.9870878,0.13901728
MN13AA1409,5652.3125,11424.51953125,115.75749,24.2431,18.984295,3.5070595e-06,-3.179579e-06,-1.0,8.008763e-06,-1.0,3.179607e-06,1.0,8.008774e-06,3.507034e-06
MN18050306,3068.7007,4024.6761067708335,68.09052,27.388554,9.748079,0.09917029,0.010499602,0.9950151,0.9900896,0.09888382,-0.09972282,0.099437945,-0.9950436,0.0005892093
MN12AA0203,5132.5483,9993.170572916666,97.2829,31.073448,16.609102,0.12304996,0.02760066,-0.9920166,0.9923717,0.00419132,0.123210624,-0.0075585535,0.99961025,0.026874373
MN12AA0609,1294.3988,1686.9376627604167,52.938133,14.900687,12.724276,-0.014710891,-0.04438558,-0.99890614,0.91819376,-0.39611062,0.0040786113,0.39585838,0.9171294,-0.0465817
MN12AA0210,1017.47766,1359.5764973958333,26.529701,21.666786,7.86345,0.11784559,0.014120014,0.99293154,0.9905053,0.06961156,-0.118547544,-0.070793405,0.99747425,-0.0057825334
MN10AA1007,1410.6874,2264.4554036458335,41.3656,17.401978,10.738619,0.12648287,0.09680514,0.98723394,-0.9658996,0.23868142,0.10034517,0.22592048,0.9662608,-0.12369316
MN10AA2504,4167.5425,6823.033854166667,79.99819,30.582336,10.358,0.12386896,-0.07013867,0.98981667,-0.99125636,-0.054452334,0.12019062,-0.04546782,0.99604994,0.07627036
MN12AA5707,3108.366,5266.823893229167,54.485233,36.186638,14.485708,0.1420624,0.026457623,0.98950404,0.98564726,0.088322595,-0.14387026,0.09120203,-0.9957405,0.0135305645
MN10AA0908,1389.6113,1829.2478841145833,46.819843,15.401802,8.940788,0.08317931,-0.08351235,-0.9930292,-0.97923404,0.178024,-0.09699536,-0.18488333,-0.98047596,0.06697022
MN19050223,1648.1672,2269.6990559895835,73.4996,10.655447,8.100605,0.012529897,0.056514792,-0.99832314,0.9958851,0.08891298,0.017532635,-0.08975474,0.9944348,0.05516817
MN10AA2806,1954.1086,3164.6263020833335,62.94237,18.517876,7.41638,0.1587826,-0.05228628,0.9859281,-0.97110534,0.17192948,0.16551328,0.17816418,0.9837207,0.023476074
MN18050313,1439.4957,1903.2776692708333,58.42665,18.475319,6.2990146,0.036776442,-0.061819576,-0.9974096,0.99802923,0.05305354,0.033511028,-0.05084447,0.9966763,-0.063648865
MN14AA0207,1894.0635,2226.80712890625,38.31607,30.222994,8.939302,0.31761667,-0.06600684,0.945919,-0.9467429,0.033569835,0.32023585,0.052892104,0.9972543,0.051829167
MN10AA3004,701.0307,665.2237548828125,46.61066,11.849664,5.131685,0.09720591,0.005183153,-0.9952508,-0.9915247,0.08710926,-0.096388325,-0.08619596,-0.9961853,-0.013606759
MN14AA0408,3403.971,7630.45703125,75.29877,22.332365,10.858578,0.071140446,0.023846056,0.99718124,-0.99675655,0.039405737,0.070167825,0.037621435,0.99893874,-0.026572056
MN12AA0303,820.27515,890.9064127604166,34.75689,14.762732,5.835227,0.13561808,-0.11402002,0.9841784,-0.99074596,-0.021115772,0.13407674,-0.005494254,0.993254,0.11582856
MN12AA0106,2742.731,4285.935872395833,64.56014,25.857367,12.3991,0.104916774,0.008111612,-0.99444795,0.9933079,0.047701336,0.10518559,-0.04828972,0.9988287,0.003052658
MN19050230,1868.2062,2512.7561848958335,79.224724,10.633098,7.829235,-0.057510167,-0.015518813,-0.9982243,-0.93107456,-0.3599876,0.059238024,0.36026767,-0.932828,-0.0062537757
MN12AA6204,7116.7007,14415.255208333334,125.438675,29.35998,20.48893,0.025523586,-0.00747266,-0.9996463,0.9901916,0.13759513,0.024253616,-0.13736522,0.9904604,-0.010911286
MN13AA0207,4237.0347,6282.21875,83.15715,25.284063,14.02409,0.05445255,-0.043444958,-0.99757075,0.9958387,0.0754785,0.05107086,-0.073076375,0.99620056,-0.04737417
MN11AA0706,1598.5182,2410.44091796875,67.52536,15.673961,9.590221,0.16533113,-0.049506012,-0.9849948,-0.9829624,-0.08960419,-0.16048646,0.08031462,-0.9947463,0.06347691
MN10AA0203,3283.1309,7811.990885416667,77.00485,24.24311,16.852058,0.029757986,-0.062181924,-0.9976211,-0.9994202,-0.018370258,-0.028666629,0.016544012,-0.9978958,0.06269253
MN10AA2206,3346.1228,4915.122395833333,83.36353,21.688662,10.334688,0.08595143,0.06667248,-0.99406594,0.98733145,0.12787044,0.093945466,-0.13337523,0.9895473,0.05483719
MN10AA3103,3304.4924,5419.7392578125,70.70511,25.606342,10.71749,0.0067305192,-0.022602446,0.9997219,-0.99995804,0.0060608224,0.006869137,0.006214396,0.9997262,0.022560704
MN10AA0904,2556.6501,4775.558268229167,61.636818,23.218496,9.802963,-0.0029711765,0.016606137,0.9998577,0.99965847,0.026008947,0.002538615,0.025963088,-0.99952376,0.016677743
MN12AA1106,2761.6003,4163.821614583333,60.305767,24.016296,11.067455,0.05283821,-8.4545834e-05,0.9986031,-0.9983409,0.022910165,0.052826278,0.022882627,0.9997375,-0.0011261265
MN12AA6006,2405.8433,3628.3391927083335,61.940712,22.605713,11.23126,0.023262627,0.02386122,0.9994446,-0.9848429,0.17242607,0.018806182,0.17188157,0.9847334,-0.027510637
MN10AA2508,2248.3813,4143.319010416667,67.27081,20.983036,8.706232,0.03335177,0.01123883,0.99938047,0.9943425,0.10052612,-0.034314137,0.100849494,-0.99487096,0.007822522
MN10AA2606,2161.4014,2591.5807291666665,107.10263,12.600521,9.091173,-0.04620218,0.017045695,0.9987867,0.9636915,0.26399413,0.040073305,0.26299074,-0.96437365,0.028623894
MN10AA0603,4389.371,8649.932291666666,80.6089,25.30595,17.25242,0.05960658,-0.014237908,-0.9981204,0.9948205,0.083321825,0.05822095,-0.08233627,0.996421,-0.01913069
MN12AA0506,3347.869,5346.623372395833,66.91008,30.648643,11.422586,0.15482515,0.011001766,-0.98788065,0.98792803,0.0035770815,0.1548724,-0.0052376,0.99993306,0.01031513
MN12AA0703,1997.2997,2844.3811848958335,64.29199,17.08723,7.173979,0.07510101,-0.021804238,-0.9969375,-0.99691164,0.021374036,-0.07556654,-0.02295625,-0.9995338,0.020131687
MN19081016,1813.9586,2821.3499348958335,65.258835,12.147348,7.918399,0.011837126,-0.053755518,0.99848396,-0.1335808,-0.9896886,-0.051698387,0.9909672,-0.13276632,-0.018895773
MN14AA0607,9290.841,19249.520833333332,165.827,31.86696,19.624935,0.022926664,0.005315405,-0.999723,0.9952875,0.09412122,0.023325374,-0.09421913,0.9955466,0.00313247
MN13AA1416,1231.4513,1594.0432942708333,51.04458,16.352665,6.754087,0.081238136,0.044065014,-0.99572015,0.99646944,0.0176489,0.082080305,-0.021190235,0.99887276,0.042475674
MN19050229,1600.9978,2115.6800130208335,71.90517,10.987679,7.413722,0.013285232,-0.010966704,0.9998516,-0.9991265,0.03947524,0.013708575,0.039619718,0.99916035,0.010432688
MN12AA0605,3474.013,4590.888020833333,83.39012,24.718973,12.905233,0.0018644152,-0.0033767696,0.99999255,0.99387443,-0.11049267,-0.0022261196,-0.11049936,-0.9938712,-0.0031500808
MN12AA5807,3944.33,8187.671875,80.14312,27.299955,17.493773,0.023981394,-0.020228237,0.9995077,-0.9997118,0.00057740504,0.023997977,0.0010625576,0.9997952,0.02020856
MN10AA2405,2954.5676,5204.201822916667,79.90483,22.70728,12.558285,0.0060751555,0.051096007,-0.9986753,-0.9957347,0.09225285,-0.0013372625,-0.09206231,-0.99442375,-0.051438518
MN10AA2907,793.91425,803.9700520833334,34.50759,12.990055,4.302405,0.10425856,-0.094588876,0.990042,0.9836118,0.15704076,-0.0885777,0.14709847,-0.98305196,-0.10941158
MN11AA0504,623.2737,680.1499837239584,33.586044,10.257854,8.075281,-0.17408898,0.015165117,-0.9846131,-0.5026923,0.8584146,0.102102175,0.84675467,0.51273227,-0.14181714
MN15AA2707,1790.0707,2702.197265625,34.455906,28.438623,11.598209,0.43624794,0.16909617,-0.8837953,0.8992271,-0.117770016,0.4213323,0.03283891,0.97853804,0.20343278
MN12AA0513,1580.4282,1925.1041666666667,45.16157,23.602766,7.463891,0.30668563,-0.028444711,0.95138574,0.9512309,0.044049002,-0.3053187,0.033222888,-0.9986243,-0.040566683
MN12AA0603,4329.5415,6927.58984375,82.562225,29.05616,15.1628895,0.14051306,0.060377017,-0.9882361,0.9708517,0.18735087,0.14948758,-0.19417252,0.9804357,0.03229189
MN12AA0406,3613.2073,6498.834635416667,72.820526,27.289772,17.165611,0.0052328715,-0.05673026,0.99837583,0.99946296,0.03259256,-0.0033865774,0.032347504,-0.9978574,-0.05687035
MN10AA2307,586.964,528.5286865234375,29.173717,12.293997,8.149632,0.52037334,-0.08088548,0.8500995,-0.85072136,0.03723194,0.5242966,0.07405883,0.99602777,0.049436495
MN10AA1905,3728.4246,5549.324869791667,79.81265,26.69126,14.465281,0.028868686,0.019799592,0.9993871,-0.97560865,0.21821676,0.02385856,0.21761063,0.9756994,-0.025616284
MN15AA2408,994.2986,1075.9619954427083,33.700165,16.18301,7.578491,0.19676304,0.008784193,0.9804117,0.9772821,0.078575276,-0.19683896,0.07876519,-0.9968695,-0.006876075
MN19050215,2543.0173,4256.829427083333,76.176056,17.55357,9.609766,-0.112459466,-0.063517846,-0.9916241,0.85147667,-0.5205676,-0.06322081,0.5121918,0.85145456,-0.11262672
MN10AA2305,1179.9867,1576.4036458333333,47.86023,16.601875,8.224443,-0.21885744,-0.051738795,0.9743842,-0.87004954,-0.44170877,-0.21887702,-0.4417185,0.89566535,-0.051655937
MN10AA0105,1272.3094,1816.0100911458333,42.09954,21.448988,9.260241,0.9948841,-0.090112396,-0.045666046,0.066064164,0.238359,0.9689275,-0.07642746,-0.96698743,0.24309278
MN12AA1002,4629.0117,7766.176432291667,75.58115,32.403168,16.691818,0.034952942,0.022622162,0.9991329,0.9993868,0.0012851531,-0.034990925,0.002075609,-0.9997433,0.02256337
MN19080803,2699.08,4073.4928385416665,79.27025,18.63649,10.014116,0.029629102,0.04419451,-0.9985835,-0.99516094,0.094938196,-0.025325853,-0.09368445,-0.99450165,-0.04679358
MN15AA3311,4708.803,6693.9921875,113.724365,24.45657,17.871582,0.07296891,-0.007465519,0.9973063,-0.9842787,0.16073102,0.07321891,0.16084467,0.98697,-0.004380216
MN15AA3302,15217.989,11490.209635416666,105.77696,29.89961,20.501972,-0.014378743,0.01569763,-0.9997734,0.958371,-0.28494158,-0.018257216,0.2851636,0.95841634,0.010947051
MN18030705,3548.4495,7220.630208333333,65.22385,30.951746,15.819636,0.07189904,-0.050949145,-0.9961098,0.996996,0.032509137,0.07030023,-0.028800935,0.998172,-0.05313347
MN12AA5905,4245.8115,7361.024739583333,113.770164,29.620071,13.831081,0.0016342545,0.006916548,0.9999747,-0.99998915,0.004377567,0.0016039995,0.0043663625,0.9999665,-0.0069236266
MN10AA2808,1359.4525,1639.06005859375,50.997173,21.366812,7.7429695,0.09552113,0.07470298,0.99262035,-0.9862462,0.14222522,0.08420411,0.13488534,0.9870114,-0.08726104
MN10AA2113,618.05597,729.3710123697916,30.091234,11.935756,7.031163,0.018722331,-0.037729345,-0.9991126,-0.98801684,0.15242587,-0.024270445,-0.15320632,-0.9875945,0.034423463
MN19050206,3914.5732,6433.835286458333,104.442604,18.121567,9.907631,0.014028462,-0.015743177,0.9997777,-0.9989863,0.04255163,0.014687405,0.042773396,0.9989702,0.015130284
MN14AA0112,2456.3865,4504.839192708333,56.976242,21.883396,14.376642,0.09278898,0.041951455,0.99480164,0.9892512,0.10951931,-0.09688977,0.11301465,-0.993099,0.03133834
MN14AA0317,1139.3567,1484.5333658854167,48.10621,15.276604,7.6437707,0.05899273,-0.023843648,0.9979736,0.9968248,0.05496598,-0.05761157,0.05348093,-0.9982035,-0.027010534
MN14AA0304,5734.474,10345.34375,122.13834,28.57544,16.0502,0.08810863,0.008234715,0.9960768,0.9922611,0.08710482,-0.08849121,0.08749179,-0.9961651,0.0004963018
MN10AA1508,1281.4701,1505.5322265625,41.477295,15.78976,6.055704,0.10472903,-0.09290754,0.9901515,-0.99449205,-0.005603378,0.10466235,0.004175728,0.995659,0.09298265
MN13AA0708,1713.7163,1867.29541015625,54.253212,21.54477,6.631667,0.065535195,0.14544423,-0.9871936,-0.99198365,0.116616726,-0.04867193,-0.10804423,-0.9824696,-0.1519208
MN13AA0107,2838.4978,5008.4921875,77.128365,25.815897,9.618059,0.034392983,-0.07167392,0.996835,0.99894047,0.032983184,-0.032094087,0.030578483,-0.9968826,-0.072732374
MN10AA2310,699.6343,1013.8668619791666,25.793655,14.262678,7.878256,-0.07371062,0.21571298,0.9736707,-0.9270872,0.34498367,-0.14661387,-0.367527,-0.91348463,0.17455578
MN12AA5903,23234.89,40248.661458333336,198.10464,41.787857,35.71631,0.042524315,0.015932418,-0.99896836,0.99697787,0.064388044,0.0434665,-0.065014146,0.9977977,0.013146211
MN19080805,2942.333,4968.957356770833,65.59234,17.740406,12.590857,0.06389458,0.124251805,-0.9901914,0.9975577,-0.03600594,0.059851788,0.028216079,0.99159724,0.12624893
MN12AA1004,3624.6335,6251.789713541667,76.237335,29.825613,14.4554825,0.09966724,-0.042666037,-0.99410564,-0.9950151,-0.00088737597,-0.099720344,-0.0033725263,-0.999089,0.042541794
MN12AA5604,2069.2847,3210.5703125,68.22302,21.139503,8.9587345,0.020385675,-0.035213277,0.99917185,0.98571545,0.16782,-0.014196739,0.16718112,-0.98518854,-0.038131393
MN10AA2106,3906.6,9184.73828125,78.4962,27.557148,19.567162,-0.04494252,0.0022985397,0.99898696,0.8375572,-0.5449606,0.03893399,-0.544498,-0.8384585,-0.022566747
MN19050213,2900.9263,4332.3193359375,80.70955,17.718254,9.695899,0.039863434,-0.045836348,-0.99815327,-0.9991397,-0.0132598905,-0.039293922,0.011434313,-0.99886096,0.0463255
MN10AA2303,2049.2166,3892.552734375,44.6514,25.78979,10.197342,0.23476434,-0.046244048,0.9709517,-0.969441,0.06202836,0.23735332,0.07120272,0.9970025,0.03026883
MN11AA0904,1213.3396,1961.24853515625,42.38508,16.973291,8.283209,0.045986194,-0.045833286,-0.99789006,0.9834189,0.17749923,0.037166737,-0.17542125,0.9830531,-0.053235833
MN10AA0306,8245.93,22732.794270833332,110.81813,26.50793,25.587662,0.05399958,0.01604574,0.998412,0.9848557,0.16411577,-0.055903926,0.16475217,-0.9863106,0.0069405558
MN15AA3408,5211.4385,9685.999348958334,87.4313,35.516056,14.7464485,0.07545427,-0.080571905,0.99388874,-0.9852847,0.14727579,0.08674033,0.15336458,0.9858083,0.06827368
MN14AA0114,907.4459,1145.9783528645833,37.00869,15.046448,7.0106325,0.18051243,-0.09266783,0.9791976,-0.9816081,0.045918662,0.18530239,0.062135015,0.99463767,0.08267461
MN14AA0311,1918.891,2815.9690755208335,58.639168,20.383003,11.924616,0.2013034,-0.021378782,0.9792956,-0.97337335,0.1075404,0.2024337,0.10964163,0.9939708,-0.00083871186
MN15AA2803,3879.1602,7810.677734375,77.71072,31.884678,15.6014805,0.10592028,0.016595853,-0.9942361,-0.99288535,0.05646684,-0.104833834,-0.054401565,-0.9982665,-0.022458764
MN14AA0507,6310.82,14570.34375,106.24309,34.825336,19.10637,0.14624758,-0.046003394,-0.9881778,-0.96607596,0.2082978,-0.15267363,-0.21285877,-0.97698295,0.013979722
MN15AA2903,886.3217,1324.7245279947917,28.99736,19.667812,8.03718,0.27609432,0.016709168,-0.9609853,0.96061355,0.027993528,0.27647427,-0.031521022,0.99946845,0.008322197
MN11AA0604,3949.136,7600.766927083333,63.85918,31.486824,14.516951,0.09149026,-0.05832114,0.99409664,0.9942866,0.060474772,-0.08795984,0.054987848,-0.9964645,-0.06352078
MN19081305,1709.4785,1690.1541341145833,49.78819,18.606071,8.059453,0.122471355,0.021112533,-0.99224746,-0.98594576,0.117053784,-0.11920294,-0.11362965,-0.99290115,-0.03515155
MN11AA0407,4015.0007,8640.0234375,96.7552,22.266817,12.719315,0.013327135,0.0014802237,0.9999101,0.99862075,0.050768204,-0.013385105,0.05078345,-0.9987094,0.0008015874
MN15AA3411,3502.5461,5215.430013020833,81.124374,25.478432,11.777021,0.115572594,-0.06663888,0.99106115,-0.99187475,0.04566989,0.11873831,0.053174242,0.9967314,0.06081923
MN14AA0514,1331.3416,2172.3470052083335,47.305122,19.35468,9.570913,0.23415384,0.03038698,0.97172457,-0.9483594,0.22712831,0.22142102,0.21397784,0.97339064,-0.08200074
MN19050245,869.69403,949.3924967447916,34.487602,14.293501,6.79029,-0.07090092,0.21859983,0.9732354,-0.68094546,0.7023622,-0.20736597,-0.72889394,-0.6774227,0.09905644
MN10AA2804,3473.4712,6369.3359375,104.81839,23.243755,9.226753,0.0464735,0.0018211266,-0.9989179,0.99382323,0.10079956,0.046420246,-0.10077502,0.9949051,-0.0028746305
MN13AA0805,4784.248,8960.083984375,87.8461,37.14741,12.325127,0.22583137,-0.015256169,-0.97404695,-0.9741585,-0.007559101,-0.22573885,0.003919009,-0.99985504,0.01656901
MN10AA0503,5416.934,11039.860677083334,72.265396,28.83693,26.350298,0.11064702,-0.060612008,0.99200976,0.98534274,0.13708332,-0.10152757,0.1298342,-0.98870337,-0.07489146
MN12AA0207,2017.3594,3464.0250651041665,55.235092,21.449146,7.3758698,0.12585777,-0.0076876823,-0.9920185,-0.99204755,-0.0021885755,-0.1258445,0.0012036549,-0.99996805,0.007901995
MN10AA0706,1689.5548,2615.29443359375,66.79654,13.228633,8.350239,0.0015720121,0.012001653,-0.99992675,0.99993217,0.011523028,0.0017103261,-0.0115427105,0.9998616,0.011982724
MN19050219,2598.6816,4070.5833333333335,70.90341,17.707382,10.388455,0.16171063,-0.08264657,0.9833714,-0.97077775,0.16572492,0.17356788,0.17731392,0.9827028,0.053431973
MN15AA2405,2382.6277,3234.0035807291665,72.169464,18.796625,11.643961,-0.03699101,0.067433424,-0.9970378,0.91132045,-0.40710175,-0.061344642,0.4100325,0.91089016,0.046394352
MN10AA2703,6480.801,12270.453125,102.694824,33.61982,21.120007,0.008649936,-0.13456957,0.9908664,-0.9983959,0.054283958,0.016087972,0.0559531,0.9894161,0.13388416
MN13AA1506,2845.609,4954.440755208333,59.467087,28.828075,12.916994,0.13745154,0.05338345,-0.9890689,0.99017316,0.01857465,0.13860755,-0.025770957,0.99840134,0.050305746
MN10AA2007,2029.3457,3976.0016276041665,54.25721,22.322474,12.847425,0.006166312,0.011360083,-0.99991643,-0.9999617,0.0062800585,-0.0060952427,-0.0062102913,-0.9999158,-0.011398373
MN13AA1309,3418.7168,5850.286458333333,100.4998,21.93011,10.63369,0.01421924,0.0077379937,-0.999869,-0.99711263,0.07470888,-0.013601869,-0.074593835,-0.99717534,-0.008777955
MN14AA0118,824.624,1050.1368815104167,35.70096,13.417138,6.941603,0.02367162,-0.08647048,-0.99597317,-0.99969727,0.004637804,-0.024162788,-0.006708496,-0.9962436,0.08633452
MN19081303,1987.2827,3175.6373697916665,54.53224,17.467068,10.735084,0.19964287,-0.14479832,-0.969111,-0.97960407,-0.006507216,-0.20083223,-0.022773955,-0.9894398,0.14314413
MN14AA0501,8024.6455,15774.78515625,104.605835,29.971046,31.02972,0.14866224,-0.053067785,0.9874631,0.27068073,0.96260655,0.010981063,-0.95112115,0.26565474,0.15746768
MN19081020,765.8969,977.8033040364584,34.010952,12.020428,5.8489795,0.090528995,0.2843583,0.95443434,0.990235,0.07631878,-0.116662666,0.10601526,-0.9556756,0.27467245
MN12AA1008,1382.5797,2130.96044921875,40.46213,23.209217,7.8442974,0.06444798,-0.008068308,-0.99788845,0.99791276,0.0045960057,0.064412385,-0.004066602,0.9999569,-0.008347671
MN13AA0803,9628.999,21295.561197916668,123.176926,34.411934,24.959995,0.008308737,5.9324804e-05,0.9999655,-0.99963486,0.025712376,0.008304465,0.025710996,0.9996694,-0.0002729405
MN10AA2705,3664.314,5640.243489583333,58.5761,40.69016,13.139678,0.40689337,0.03823363,0.9126752,0.9134743,-0.01875745,-0.40646386,-0.0015788712,-0.99909276,0.04255772
MN15AA2403,3674.6775,6262.063151041667,57.594883,32.24401,14.592495,0.060185134,0.117582045,-0.9912377,-0.9954948,0.079958424,-0.050958827,-0.07326596,-0.98983896,-0.12186462
MN13AA0704,3385.1443,5573.438802083333,66.57684,34.66529,18.665085,0.57699645,-0.0037567155,0.816738,-0.8159476,0.04157164,0.5766293,0.036119368,0.99912846,-0.020921405
MN10AA3205,1387.585,2414.279296875,48.981926,17.2357,9.717733,0.20155258,-0.060398955,0.9776137,-0.9780554,0.041357256,0.2041988,0.052764814,0.9973172,0.05073786
MN19050243,1166.0092,1505.9814453125,40.12697,16.25671,8.515583,0.12761435,-0.021817813,0.9915839,-0.9890839,0.0714627,0.128865,0.073672816,0.9972046,0.012459979
MN19050231,1700.8405,2413.1798502604165,54.045708,14.750837,7.9404807,0.023779338,-0.14992845,0.98841083,-0.9993536,-0.030230504,0.019457044,-0.026962994,0.9882346,0.1505504
MN12AA0204,3496.0654,7597.110026041667,74.802216,27.195208,11.86124,0.06860071,0.057140104,-0.9960065,0.99763143,0.0011189072,0.068776816,-0.0050443537,0.9983655,0.056928005
MN12AA0302,1419.1143,2083.5021158854165,54.30047,14.36162,7.789485,0.018332954,0.13505,-0.9906692,0.9989191,0.039855465,0.023918802,-0.042713813,0.9900369,0.13417336
MN19050222,2175.354,3236.1357421875,72.70027,14.459784,10.502317,0.020196838,-0.031722303,-0.9992926,-0.99971396,0.012165099,-0.020591533,-0.012809705,-0.99942267,0.031467535
MN10AA3005,736.4073,848.4119466145834,39.165955,13.028643,5.878316,0.08079032,0.024041543,-0.9964411,0.97989506,0.1810536,0.08381713,-0.18242434,0.98317933,0.008930813
MN14AA0206,1690.0063,2470.5665690104165,49.67375,19.323826,8.733762,0.12602726,-0.052788097,-0.99062127,-0.9920149,-0.0018118641,-0.12610799,-0.00486213,-0.9986041,0.052594922
MN18050312,1607.4843,1992.39892578125,44.60462,25.222122,5.951456,-0.0045144698,-0.10165662,0.9948093,0.9998366,-0.017871602,0.0027110376,-0.017503241,-0.994659,-0.1017207
MN10AA2207,1633.7378,2953.8056640625,49.342064,17.816715,9.206177,0.05139102,-0.11630763,-0.9918828,-0.99827766,-0.034122784,-0.04772113,0.028295472,-0.9926269,0.11786092
MN13AA0206,7479.682,13189.286458333334,119.7424,38.73691,23.331318,0.072671555,0.073571675,-0.9946387,-0.99269617,0.10162544,-0.065012574,-0.09629751,-0.9920985,-0.08041959
MN12AA1113,1106.4243,1321.3097330729167,33.31301,21.552074,6.6985846,-0.012565882,0.04881814,-0.99872863,-0.9999048,0.0050764945,0.012828821,0.00569632,0.9987948,0.048749704
MN19050224,2358.8828,2980.4602864583335,68.42699,16.022215,8.603161,0.0144537045,0.0011881664,0.99989486,-0.99841803,0.05435979,0.014367762,0.054337002,0.99852073,-0.001971987
MN13AA1011,5169.5605,13078.00390625,86.41496,32.238625,21.206087,0.06083951,0.014125073,0.9980476,-0.99574393,0.070208706,0.05970544,0.06922829,0.9974323,-0.018336419
MN10AA3003,1629.7214,2382.650390625,52.52113,15.19665,7.433461,-0.0031224801,-0.07905223,0.9968656,0.9989271,-0.046307154,-0.00054325676,-0.046204954,-0.99579436,-0.079112016
MN18050314,1313.8331,1737.76953125,60.425632,12.028741,6.6958284,0.011890644,-0.071088515,0.99739915,0.9789191,0.20422816,0.0028858047,0.20390214,-0.9763387,-0.07201831
MN12AA0202,5934.9307,11481.60546875,97.45408,29.527126,20.041647,0.073627435,0.025444418,-0.9969612,0.9969152,-0.02912875,0.07288062,0.02718583,0.9992518,0.027510604
MN12AA0608,2882.1853,3746.2076822916665,66.93872,31.17829,14.964588,0.24720794,-0.008745389,0.968923,-0.9688307,0.014258313,0.24731308,0.015978057,0.9998601,0.0049480335
MN19050237,1456.6567,2026.099609375,53.652325,13.935455,10.776844,0.06101236,-0.102994926,0.99280894,0.9772165,0.2087427,-0.038398974,0.2032867,-0.97253203,-0.113384224
MN12AA6203,7034.952,16165.671875,107.03381,31.640518,14.3811035,0.040691566,-0.025843961,0.9988375,-0.99680364,0.06773498,0.042361286,0.068751015,0.9973686,0.023005113
MN10AA2505,2721.8914,5455.748697916667,42.108547,28.987902,14.396439,-0.061176714,-0.007582775,0.99809813,0.9869195,0.14897113,0.06162331,-0.14915508,0.98881245,-0.0016299755
MN10AA2906,1445.7029,1983.26318359375,56.01731,16.432396,6.512993,0.08583099,-0.06963039,0.99387354,-0.9954334,0.0358365,0.08847638,0.041777592,0.996929,0.06623654
MN10AA0903,10675.954,28212.921875,132.3567,35.37931,23.987473,0.10667255,0.01994772,0.9940941,-0.9886158,0.108827524,0.10390094,0.10611221,0.9938605,-0.031329542
MN12AA6406,2782.2896,2904.2483723958335,46.689156,25.999031,10.48753,-0.12137978,0.081250235,0.98927516,0.96321213,-0.23110327,0.13716272,-0.23976922,-0.96953064,0.05020995
MN12AA1112,1447.4056,1914.35791015625,46.59765,16.300804,10.9786625,0.012973114,0.057012122,-0.99828917,-0.99183327,0.12741785,-0.0056124055,-0.12687989,-0.9902092,-0.058199525
MN13AA0907,12895.567,23961.265625,151.4422,38.86798,32.323433,0.039097372,0.032195564,0.9987166,-0.98948807,0.14051062,0.03420647,0.13922898,0.98955554,-0.03735072
MN10AA0604,2784.7112,4587.419596354167,85.49541,19.725739,8.677063,0.021299375,0.049098622,-0.9985668,0.9996817,0.012461913,0.021935897,-0.013521074,0.9987162,0.048817564
MN12AA0704,1493.3842,1745.7122395833333,43.752026,19.959255,10.792226,0.2332754,0.100421466,-0.96721154,0.97215337,-0.0012013114,0.23434256,-0.0223711,0.9949443,0.0979053
MN12AA6303,20778.969,49069.770833333336,236.78561,51.868565,24.330006,0.027322965,0.043551747,-0.9986775,-0.99764144,0.064119786,-0.024498394,-0.06296804,-0.9969914,-0.045200974
MN13AA1411,3173.091,5165.12109375,85.17421,29.43882,11.974514,0.071295746,0.030715307,-0.9969822,-0.99435186,0.08097305,-0.06861301,-0.078621216,-0.9962429,-0.036314856
MN14AA0405,15393.061,30440.888020833332,148.17294,34.07135,23.426723,0.017997801,0.030076679,0.99938554,0.9998301,0.0034394409,-0.018109318,0.0039819954,-0.9995417,0.030009666
MN10AA1406,1057.4241,1179.5992024739583,43.14477,15.336891,6.1663036,-0.011950648,-0.14062987,0.9899901,0.93828326,0.340673,0.05971968,0.34566128,-0.9296048,-0.12787938
MN12AA0407,3274.2417,6584.171223958333,60.227165,30.50927,13.690195,0.12471341,-0.017317565,0.99204165,-0.98981315,0.06703466,0.12560345,0.06867632,0.9976004,0.008781033
MN10AA1904,4978.346,10344.529296875,63.048462,38.32293,21.972927,0.24643576,-0.06875188,-0.9667174,-0.9668812,0.050908677,-0.25009808,-0.06640902,-0.996334,0.053929176
MN11AA0505,636.62683,670.2806803385416,37.446903,9.924065,7.144457,0.051904283,0.19538149,-0.97935283,-0.93543434,0.35288653,0.02082441,-0.34966913,-0.9150394,-0.20108289
MN15AA2706,2286.361,3987.634765625,47.76085,22.876297,14.730848,0.19893874,-0.0063617276,-0.97999126,0.9797975,0.02221045,0.19875522,-0.020501623,0.9997331,-0.0106517235
MN12AA0512,1573.9275,2161.8841145833335,47.071186,19.717833,7.6662884,0.04711898,0.09375534,-0.99447966,-0.9967832,0.069029555,-0.040720314,-0.064830735,-0.9931993,-0.09670635
MN10AA2607,1677.077,2609.5734049479165,50.340225,16.409595,12.184639,-0.0058366214,0.13369021,0.99100596,0.96669674,-0.2528112,0.039798576,-0.2558581,-0.95823455,0.12776233
MN12AA1107,2193.2332,3011.2552083333335,58.642937,19.877157,11.079302,0.042597447,0.09477937,0.9945865,0.9969051,0.061803,-0.048586283,0.0660734,-0.993578,0.09185339
MN13AA0606,2377.615,4176.59765625,60.91343,21.358418,9.040321,0.049885362,0.019221522,-0.99856997,-0.99770397,0.046814747,-0.04894096,-0.04580708,-0.9987186,-0.02151276
MN10AA0905,1558.34,2445.2019856770835,60.00226,13.776306,9.366137,0.03062232,0.021253467,0.99930507,0.982364,0.18385887,-0.03401354,0.18445401,-0.9827229,0.015248454
MN10AA3102,10681.936,17960.751302083332,167.63913,23.600283,22.623804,0.053467546,-0.020278104,0.9983637,-0.9968687,-0.059412822,0.05218073,-0.058257475,0.9980275,0.023391265
MN19081201,2771.6377,4323.889322916667,67.08292,20.154533,12.495561,0.11442236,0.0772539,0.9904238,0.97455245,0.18471429,-0.12699664,0.19275643,-0.9797512,0.054152533
MN11AA0503,2146.748,3758.2340494791665,53.026745,23.700356,12.091561,0.22712493,0.038675714,-0.9730973,-0.9632032,0.15637591,-0.21860044,-0.14371446,-0.9869401,-0.07276944
MN12AA0514,757.6887,799.14111328125,27.466637,15.819067,5.0266223,0.18621796,-0.015106158,0.9823923,0.9820144,0.034565616,-0.18561481,0.03115307,-0.99928826,-0.021271205
MN12AA5806,4706.426,9183.651041666666,70.99887,35.861156,14.401982,0.0720317,-0.109452434,0.99137866,-0.997327,0.0043123667,0.07294,0.012258649,0.9939827,0.10884924
MN12AA0604,3909.7322,6209.30078125,81.048996,27.33928,17.652681,0.10544211,0.009548057,0.9943796,-0.9936789,0.03975069,0.104986124,0.038524862,0.999164,-0.013679099
MN13AA1612,938.01025,1492.6905924479167,30.509754,17.787825,9.780802,0.19406417,-0.02376613,0.9807009,0.96392334,0.19027966,-0.18613295,0.18218379,-0.9814422,-0.05983519
MN18050318,1881.0269,2663.3388671875,58.912727,15.38759,13.044796,0.11264814,-0.047616735,0.99249333,-0.97220564,0.20104317,0.1199909,0.20524758,0.9784244,0.023646122
MN19050228,2014.7556,2801.0833333333335,66.306786,15.4515705,7.3827715,0.14629869,0.03143892,0.98874074,0.9890924,-0.021941364,-0.14565305,-0.017115146,-0.99926484,0.03430599
MN12AA0507,2147.1484,2946.3151041666665,65.93576,18.076756,9.237839,0.006971501,0.031148229,0.99949044,-0.99366575,0.11232363,0.0034304075,0.11215954,0.9931834,-0.031733993
MN10AA0506,1480.5614,2642.7721354166665,37.461906,22.766037,9.324125,0.09334465,-0.14723001,0.9846878,-0.98993754,0.091917865,0.107585825,0.10635026,0.98482203,0.13716848
MN10AA2109,1608.8751,2276.9205729166665,59.02558,14.897253,8.096484,0.0137669435,-0.04911948,-0.99869806,0.9897874,0.14239682,0.0066405344,-0.14188525,0.9885901,-0.05057821
MN10AA2408,2406.8052,3488.3014322916665,60.370796,27.124184,11.187605,-0.05242957,0.06269432,0.9966547,0.896288,0.44305328,0.01927957,0.4403624,-0.8943004,0.07942125
MN19081023,612.23584,650.7156982421875,32.137596,10.97673,5.834752,0.041339584,0.119944125,0.9919196,-0.7993029,0.59964854,-0.039198212,-0.59950477,-0.79122376,0.12066091
MN19050240,1320.0977,1808.4908854166667,43.610313,17.244251,9.927536,0.053896878,0.017797016,0.9983879,-0.9795292,0.19514658,0.049400177,0.1939528,0.98061264,-0.027950486
MN13AA0108,3001.0054,5042.755533854167,63.840652,27.088823,12.282986,0.23448713,0.0016228422,-0.97211784,-0.9702205,0.062860765,-0.23392454,-0.06072845,-0.998021,-0.016314555
MN10AA0804,2790.5,5216.1474609375,64.917694,19.867744,17.190554,-0.040299438,-0.009332112,0.9991441,-0.9533707,-0.29897013,-0.04124563,-0.29909915,0.95421684,-0.0031513665
MN13AA0707,2192.422,3433.8134765625,43.934116,29.940437,12.843214,0.5180797,0.083088905,-0.85128707,0.85533214,-0.05109496,0.51555437,0.00065963325,0.9952314,0.097539864
MN15AA3414,2476.7598,4525.87109375,61.034798,21.562508,14.175259,0.0033510616,0.06635628,-0.99779034,-0.9999824,0.005107438,-0.0030187625,-0.004895839,-0.99778295,-0.06637222
MN10AA2004,3075.2346,7095.943359375,85.11572,22.02158,11.090262,0.10918381,-0.03194299,0.9935082,-0.96954906,0.2169934,0.11352748,0.21921113,0.9756503,0.007278131
MN13AA1505,12784.514,29595.713541666668,171.28104,33.515423,28.724663,0.018549498,0.04792607,-0.9986786,0.99969923,0.015136288,0.019294837,-0.016041012,0.9987362,0.047630884
MN14AA0511,4794.526,11737.171875,98.223236,28.417717,15.926966,0.016607225,0.040494468,0.99904174,-0.9996206,0.02263087,0.015699543,0.02197344,0.9989234,-0.040854942
MN12AA0802,6569.852,13277.893229166666,78.43944,35.192738,19.813154,0.10628542,-0.028613307,-0.9939239,-0.9932653,0.043313194,-0.10746191,-0.046124857,-0.99865174,0.023817044
